
sectio	{"Exodus_ch_26.docx": [734, 740, 740, 740], "Exodus_ch_36.docx": [2370, 3169, 2370, 3169, 2370, 3169], "Exodus_ch_38.docx": [1603, 1603, 1603], "Joshua_ch_18.docx": [582, 582, 582], "1 Samuel_ch_17.docx": [1517, 1551, 8673, 1517, 1551, 8673, 1517, 1551, 8673], "2 Chronicles_ch_34.docx": [3901, 3901, 3901], "Nehemiah_ch_3.docx": [1997, 2127, 3667, 3690, 3716, 10596, 10616, 10639, 11319, 12843, 12855, 12869, 12889, 12910, 14274, 15220, 15237, 15256, 1997, 2127, 3667, 3690, 3716, 10596, 10616, 10639, 11319, 12843, 12855, 12869, 12889, 12910, 14274, 15220, 15237, 15256, 1997, 2127, 3667, 3690, 3716, 10596, 10616, 10639, 11319, 12843, 12855, 12869, 12889, 12910, 14274, 15220, 15237, 15256], "John_ch_19.docx": [2986, 2986]}
tearsa	{"Judges_ch_2.docx": [1221]}
jailbu	{"Acts_ch_12.docx": [2722]}
puff	{"1 Corinthians_ch_4.docx": [986, 2648, 2677, 2648, 2677], "1 Corinthians_ch_8.docx": [93, 93]}
20go	{"Genesis_ch_21.docx": [2435]}
sectio	{"Exodus_ch_26.docx": [734, 740, 740], "Exodus_ch_36.docx": [2370, 3169, 2370, 3169], "Exodus_ch_38.docx": [1603, 1603], "Joshua_ch_18.docx": [582, 582], "1 Samuel_ch_17.docx": [1517, 1551, 8673, 1517, 1551, 8673], "2 Chronicles_ch_34.docx": [3901, 3901], "Nehemiah_ch_3.docx": [1997, 2127, 3667, 3690, 3716, 10596, 10616, 10639, 11319, 12843, 12855, 12869, 12889, 12910, 14274, 15220, 15237, 15256, 1997, 2127, 3667, 3690, 3716, 10596, 10616, 10639, 11319, 12843, 12855, 12869, 12889, 12910, 14274, 15220, 15237, 15256], "John_ch_19.docx": [2986]}
tearsa	{"Judges_ch_2.docx": [1221]}
sectio	{"Exodus_ch_26.docx": [734, 740], "Exodus_ch_36.docx": [2370, 3169], "Exodus_ch_38.docx": [1603], "Joshua_ch_18.docx": [582], "1 Samuel_ch_17.docx": [1517, 1551, 8673], "2 Chronicles_ch_34.docx": [3901], "Nehemiah_ch_3.docx": [1997, 2127, 3667, 3690, 3716, 10596, 10616, 10639, 11319, 12843, 12855, 12869, 12889, 12910, 14274, 15220, 15237, 15256], "John_ch_19.docx": [2986]}
tearsa	{"Judges_ch_2.docx": [1221]}
jailbu	{"Acts_ch_12.docx": [2722]}
puff	{"1 Corinthians_ch_4.docx": [986, 2648, 2677], "1 Corinthians_ch_8.docx": [93]}